12345678912323981237182738127381728371283
12345678912323981237182738127381728371283
12345678912323981237182738127381728371283
12345678912323981237182738127381728371283
12345678912323981237182738127381728371283
12345678912323981237182738127381728371283
12345678912323981237182738127381728371283
12345678912323981237182738127381728371283
12345678912323981237182738127381728371283
12345678912323981237182738127381728371283
12345678912323981237182738127381728371283
12345678912323981237182738127381728371283
12345678912323981237182738127381728371283
12345678912323981237182738127381728371283
12345678912323981237182738127381728371283
12345678912323981237182738127381728371283
12345678912323981237182738127381728371283
12345678912323981237182738127381728371283
12345678912323981237182738127381728371283
12345678912323981237182738127381728371283
12345678912323981237182738127381728371283
12345678912323981237182738127381728371283
